1.067229597000000041e+01
1.023951637999999953e+01
1.019831602000000004e+01
1.047783702999999988e+01
1.063276231000000038e+01
1.041993255999999946e+01
1.061157201999999877e+01
1.067610857000000202e+01
1.083078039999999831e+01
1.119550880000000070e+01
1.137262701000000042e+01
1.162289805999999714e+01
1.153080553000000030e+01
1.222769873000000196e+01
1.183396150000000091e+01
1.213504227000000135e+01
1.238288882000000335e+01
1.304387243000000396e+01
1.292592569000000147e+01
1.384496833000000215e+01
1.389105322000000164e+01
1.432317762999999999e+01
1.550789797000000192e+01
1.609344208000000265e+01
1.747288048000000060e+01
1.933568299999999951e+01
2.162299115000000427e+01
2.463593683999999584e+01
2.341298909000000705e+01
2.681964050999999571e+01
