5.337395500000000403e+00
6.802671099999999527e+00
4.804165400000000474e+00
6.060362400000000704e+00
6.535995800000000244e+00
6.160070600000000063e+00
6.616657200000000572e+00
6.922847400000000206e+00
6.621503399999999928e+00
6.736043200000000120e+00
7.344657899999999628e+00
6.914471399999999157e+00
7.780773000000000827e+00
8.674598200000000148e+00
8.200232799999998434e+00
8.112984200000001422e+00
8.000938899999999521e+00
8.536186599999998847e+00
8.299808399999999864e+00
8.881831399999999377e+00
9.195077999999998752e+00
7.946731699999999066e+00
8.785681999999999547e+00
8.859948599999999175e+00
9.272280099999999692e+00
9.508485000000000298e+00
9.368895400000003093e+00
9.163282299999998770e+00
9.054154499999999217e+00
1.010131349999999983e+01
